%YAML:1.0
---
cameraMatrix: !!opencv-matrix
   rows: 3
   cols: 3
   dt: d
   data: [ 3.6659297616922657e+02, 0., 2.5510928727922575e+02, 0.,
       3.6815585362079253e+02, 2.0363413756318718e+02, 0., 0., 1. ]
distortionCoefficients: !!opencv-matrix
   rows: 1
   cols: 5
   dt: d
   data: [ 1.1504404515848664e-01, -3.1216147393416671e-01,
       -1.6143254153488126e-03, -1.0763762817012194e-03,
       1.2149441251411502e-01 ]
rotation: !!opencv-matrix
   rows: 3
   cols: 3
   dt: d
   data: [ 1., 0., 0., 0., 1., 0., 0., 0., 1. ]
projection: !!opencv-matrix
   rows: 4
   cols: 4
   dt: d
   data: [ 3.6659297616922657e+02, 0., 2.5510928727922575e+02, 0., 0.,
       3.6815585362079253e+02, 2.0363413756318718e+02, 0., 0., 0., 1.,
       0., 0., 0., 0., 1. ]
