%YAML:1.0
---
rotation: !!opencv-matrix
   rows: 3
   cols: 3
   dt: d
   data: [ 9.9999167988084048e-01, -1.7144626318972771e-03,
       -3.7014574127639806e-03, 1.7398712295557200e-03,
       9.9997487245592598e-01, 6.8722125155730607e-03,
       3.6895822526733057e-03, -6.8785953972059300e-03,
       9.9996953549003798e-01 ]
translation: !!opencv-matrix
   rows: 3
   cols: 1
   dt: d
   data: [ -5.1719797609552455e-02, 1.7726433016459457e-05,
       -3.3257353775600364e-03 ]
essential: !!opencv-matrix
   rows: 3
   cols: 3
   dt: d
   data: [ 5.8517544331930683e-06, 3.3255298770372022e-03,
       4.0581053274516414e-05, -3.1348832596733421e-03,
       -3.5005771275308434e-04, 5.1730532059129107e-02,
       -1.0771207338972950e-04, -5.1718467626751516e-02,
       -3.5536382679838142e-04 ]
fundamental: !!opencv-matrix
   rows: 3
   cols: 3
   dt: d
   data: [ 6.9808574849032754e-09, 3.9503535200464761e-06,
       -7.8846050184500809e-04, -3.7200243437720213e-06,
       -4.1363424748438424e-07, 2.3537023884970681e-02,
       1.8769178339505248e-03, -6.8114892415774744e-02, 1. ]
