%YAML:1.0
---
depthShift: -4.1386987747887867e+00
