%YAML:1.0
---
cameraMatrix: !!opencv-matrix
   rows: 3
   cols: 3
   dt: d
   data: [ 1.0510865528945087e+03, 0., 9.5310872378075385e+02, 0.,
       1.0566636067930442e+03, 5.4263918465290169e+02, 0., 0., 1. ]
distortionCoefficients: !!opencv-matrix
   rows: 1
   cols: 5
   dt: d
   data: [ 5.7580999397600925e-02, -7.8459065755689492e-02,
       -3.6323340970409218e-03, -1.6746675572614560e-04,
       3.2799382758494436e-02 ]
rotation: !!opencv-matrix
   rows: 3
   cols: 3
   dt: d
   data: [ 1., 0., 0., 0., 1., 0., 0., 0., 1. ]
projection: !!opencv-matrix
   rows: 4
   cols: 4
   dt: d
   data: [ 1.0510865528945087e+03, 0., 9.5310872378075385e+02, 0., 0.,
       1.0566636067930442e+03, 5.4263918465290169e+02, 0., 0., 0., 1.,
       0., 0., 0., 0., 1. ]
