%YAML:1.0
---
cameraMatrix: !!opencv-matrix
   rows: 3
   cols: 3
   dt: d
   data: [ 3.5190822859886157e+02, 0., 2.5379827225009547e+02, 0.,
       3.5360131845458051e+02, 2.0564384928459850e+02, 0., 0., 1. ]
distortionCoefficients: !!opencv-matrix
   rows: 1
   cols: 5
   dt: d
   data: [ 9.2814194792165239e-02, -2.7751166058746229e-01,
       4.7511048410977760e-04, -5.1816935780890996e-04,
       1.0628129522929812e-01 ]
rotation: !!opencv-matrix
   rows: 3
   cols: 3
   dt: d
   data: [ 1., 0., 0., 0., 1., 0., 0., 0., 1. ]
projection: !!opencv-matrix
   rows: 4
   cols: 4
   dt: d
   data: [ 3.5190822859886157e+02, 0., 2.5379827225009547e+02, 0., 0.,
       3.5360131845458051e+02, 2.0564384928459850e+02, 0., 0., 0., 1.,
       0., 0., 0., 0., 1. ]
