%YAML:1.0
---
depthShift: -3.8650011274205703e+01
