%YAML:1.0
---
cameraMatrix: !!opencv-matrix
   rows: 3
   cols: 3
   dt: d
   data: [ 1.0346234131872998e+03, 0., 9.4905218658091633e+02, 0.,
       1.0365335011155057e+03, 5.2854815674752831e+02, 0., 0., 1. ]
distortionCoefficients: !!opencv-matrix
   rows: 1
   cols: 5
   dt: d
   data: [ 5.2201210446649805e-02, -8.3244575977499360e-02,
       3.8395208115685404e-04, -1.6896215108902679e-03,
       2.8127427376207104e-02 ]
rotation: !!opencv-matrix
   rows: 3
   cols: 3
   dt: d
   data: [ 1., 0., 0., 0., 1., 0., 0., 0., 1. ]
projection: !!opencv-matrix
   rows: 4
   cols: 4
   dt: d
   data: [ 1.0346234131872998e+03, 0., 9.4905218658091633e+02, 0., 0.,
       1.0365335011155057e+03, 5.2854815674752831e+02, 0., 0., 0., 1.,
       0., 0., 0., 0., 1. ]
