%YAML:1.0
---
rotation: !!opencv-matrix
   rows: 3
   cols: 3
   dt: d
   data: [ 9.9995828380775265e-01, -8.7238823012459939e-03,
       2.7063853842265078e-03, 8.7069287370778389e-03,
       9.9994278575943119e-01, 6.2140646629933894e-03,
       -2.7604413091743270e-03, -6.1902411312017508e-03,
       9.9997703017545170e-01 ]
translation: !!opencv-matrix
   rows: 3
   cols: 1
   dt: d
   data: [ -5.2938372275608374e-02, -1.7086835289433972e-04,
       1.1987110373993198e-02 ]
essential: !!opencv-matrix
   rows: 3
   cols: 3
   dt: d
   data: [ -1.0389924373008515e-04, -1.1985366824270429e-02,
       -2.4535310706468548e-04, 1.1840477047722309e-02,
       -4.3227542951410286e-04, 5.2969598030800619e-02,
       -2.9006940994333791e-04, -5.2936834082241334e-02,
       -3.2850003286134685e-04 ]
fundamental: !!opencv-matrix
   rows: 3
   cols: 3
   dt: d
   data: [ -1.7340294106056943e-07, -1.9907235297299942e-05,
       3.9937095049503652e-03, 1.9724782906767326e-05,
       -7.1666984134291910e-07, 2.6193946000232452e-02,
       -1.0761802997439299e-02, -7.1698554504400241e-02, 1. ]
