%YAML:1.0
---
rotation: !!opencv-matrix
   rows: 3
   cols: 3
   dt: d
   data: [ 9.9996853726779844e-01, -7.8782645651322755e-03,
       9.2597081019513009e-04, 7.8838052089626621e-03,
       9.9995006836857792e-01, -6.1405525079996680e-03,
       -8.7754767772780216e-04, 6.1476594829373054e-03,
       9.9998071791057808e-01 ]
translation: !!opencv-matrix
   rows: 3
   cols: 1
   dt: d
   data: [ -5.2544345544938691e-02, -1.5154612387070720e-03,
       -5.1342735143636983e-03 ]
essential: !!opencv-matrix
   rows: 3
   cols: 3
   dt: d
   data: [ 4.1807501767493442e-05, 5.1247006120557978e-03,
       -1.5469592935533341e-03, -5.1802221445017551e-03,
       3.6347390925998556e-04, 5.2538578192763419e-02,
       1.1011641730472349e-03, -5.2553661124620364e-02,
       3.2405458568819938e-04 ]
fundamental: !!opencv-matrix
   rows: 3
   cols: 3
   dt: d
   data: [ 2.0232642408806358e-08, 2.4729251047692220e-06,
       -7.7672227475227137e-04, -2.5000224595622906e-06,
       1.7490927668151759e-07, 9.7848469796167972e-03,
       1.8257847926402644e-03, -2.9023611208055886e-02, 1. ]
