%YAML:1.0
---
depthShift: -1.6054282454380697e+01
