%YAML:1.0
---
cameraMatrix: !!opencv-matrix
   rows: 3
   cols: 3
   dt: d
   data: [ 3.6196077317824722e+02, 0., 2.5700513356745023e+02, 0.,
       3.6300903263498429e+02, 2.0240864455442991e+02, 0., 0., 1. ]
distortionCoefficients: !!opencv-matrix
   rows: 1
   cols: 5
   dt: d
   data: [ 1.2076342497017375e-01, -3.2426325874032874e-01,
       -5.2899172505752601e-03, -9.1010109992392966e-04,
       1.1538103254954336e-01 ]
rotation: !!opencv-matrix
   rows: 3
   cols: 3
   dt: d
   data: [ 1., 0., 0., 0., 1., 0., 0., 0., 1. ]
projection: !!opencv-matrix
   rows: 4
   cols: 4
   dt: d
   data: [ 3.6196077317824722e+02, 0., 2.5700513356745023e+02, 0., 0.,
       3.6300903263498429e+02, 2.0240864455442991e+02, 0., 0., 0., 1.,
       0., 0., 0., 0., 1. ]
