%YAML:1.0
---
cameraMatrix: !!opencv-matrix
   rows: 3
   cols: 3
   dt: d
   data: [ 1.0491854174621856e+03, 0., 9.4080916198034561e+02, 0.,
       1.0520953681636036e+03, 5.1427651358728997e+02, 0., 0., 1. ]
distortionCoefficients: !!opencv-matrix
   rows: 1
   cols: 5
   dt: d
   data: [ 5.6965716565184253e-02, -6.7795210745440135e-02,
       -2.4180211191466750e-03, -1.2446694201806992e-03,
       1.7644082947298641e-02 ]
rotation: !!opencv-matrix
   rows: 3
   cols: 3
   dt: d
   data: [ 1., 0., 0., 0., 1., 0., 0., 0., 1. ]
projection: !!opencv-matrix
   rows: 4
   cols: 4
   dt: d
   data: [ 1.0491854174621856e+03, 0., 9.4080916198034561e+02, 0., 0.,
       1.0520953681636036e+03, 5.1427651358728997e+02, 0., 0., 0., 1.,
       0., 0., 0., 0., 1. ]
